fast network no partitions
6091
6091
-
0
-
0
0.0
0.0

fast network no partitions
1610
1610
-
0
-
0
0.0
0.0

slow network one partition
1280
1255
-
0
245, 246, 247, 248, 249, 250, 251, 252, 253, 254, 255, 256, 257, 258, 259, 260, 261, 262, 263, 264, 265, 266, 267, 268, 269, 270, 271, 654
28
0.0219
0.0

fast network one partition
|A|: 5358
|R|: 5250
S:
|S|: 0
D: 593, 892, 1920, 1921, 1922, 1923, 1924, 1925, 1926, 1927, 1928, 1929, 1930, 1931, 1932, 1933, 1934, 1935, 1936, 1937, 1938, 1939, 1940, 1941, 1942, 1943, 1944, 1945, 1946, 1947, 1948, 1949, 1950, 1951, 1952, 1953, 1954, 1955, 1956, 1957, 1958, 1959, 1960, 1961, 1962, 1963, 1964, 1965, 1966, 1967, 1968, 1969, 1970, 1971, 1972, 1973, 1974, 1975, 1976, 1977, 1978, 1979, 1980, 1981, 1982, 1983, 1984, 1985, 1986, 1987, 1988, 1989, 1990, 1991, 1992, 1993, 1994, 1995, 1996, 1997, 1998, 1999, 2000, 2001, 2002, 2003, 2004, 2005, 2006, 2007, 2008, 2009, 2010, 2011, 2012, 2013, 2014, 2015, 2016, 2017, 2018, 2019, 2020, 2021, 2022, 4497, 4605, 4702
|D|: 108
|D|/|A|: 0.020156774916013438
|S|/|A|: 0.0

fast network two partition
|A|: 4394
|R|: 4394
S:
|S|: 0
D:
|D|: 0
|D|/|A|: 0.0
|S|/|A|: 0.0

slow network two partition

|A|: 1041
|R|: 811
S:
|S|: 0
D: 40, 41, 42, 43, 44, 45, 46, 47, 48, 49, 50, 51, 52, 53, 54, 55, 56, 57, 58, 59, 60, 61, 62, 63, 64, 65, 66, 86, 87, 88, 89, 90, 91, 92, 93, 94, 95, 96, 97, 98, 99, 100, 101, 102, 103, 104, 105, 106, 179, 283, 284, 285, 286, 287, 288, 289, 290, 291, 292, 293, 294, 295, 296, 297, 298, 299, 300, 301, 302, 303, 304, 305, 306, 307, 308, 309, 310, 311, 312, 313, 314, 315, 316, 317, 318, 319, 320, 321, 383, 384, 385, 386, 387, 388, 389, 390, 391, 392, 393, 394, 395, 396, 397, 398, 399, 400, 401, 402, 403, 404, 405, 406, 407, 408, 409, 410, 411, 412, 413, 414, 415, 416, 417, 418, 419, 420, 421, 422, 423, 424, 425, 426, 427, 428, 429, 430, 431, 432, 433, 434, 435, 436, 437, 438, 439, 440, 441, 442, 443, 444, 445, 446, 447, 448, 449, 450, 451, 452, 453, 454, 455, 456, 457, 458, 459, 460, 461, 462, 463, 464, 670, 916, 917, 918, 919, 920, 921, 922, 923, 924, 925, 926, 927, 928, 929, 930, 931, 932, 933, 934, 935, 951, 952, 953, 954, 955, 956, 957, 958, 959, 960, 961, 962, 963, 964, 965, 966, 967, 968, 969, 970, 971, 972, 973, 974, 975, 976, 977, 978, 979, 980, 981, 982, 983, 984, 985, 986, 987, 988, 989
|D|: 230
|D|/|A|: 0.22094140249759847
|S|/|A|: 0.0
=> nil


\begin{tabular}[c & c & c & c & c & c & c]
Delay/Partitions
          & $|A|$ & $|R|$ & $|S|$ & $|D|$ & $|S|/|A|$ & $|D|/$|A|$ \\
No/None   & 6091  & 6091  & 0     & 0     & 0.0     & 0.0 \\
No/One    & 5358  & 5250  & 0     & 107   & 0.0     & 0.0202 \\
No/Two    & 4394  & 4394  & 0     & 0     & 0.0     & 0.0 \\
Yes/None  & 1610  & 1610  & 0     & 0     & 0.0     & 0.0 \\
Yes/One   & 1280  & 1255  & 0     & 28    & 0.0     & 0.0219 \\
Yes/Two   & 1041  & 811   & 0     & 230   & 0.0     & 0.221
\end{tabular}
